23
56
11
8
27
31
31
87
15
40
22
93
84
95
7
59
17
20
71
73
27
53
81
80
36
71
63
19
39
42
89
15
15
98
15
83
10
58
26
43
51
40
62
89
85
73
56
49
32
89
80
92
31
28
37
47
25
41
20
6
34
5
10
30
66
68
85
63
7
68
67
57
71
50
24
94
2
31
54
6
98
40
34
76
63
57
33
45
86
12
0
65
70
21
4
2
98
21
81
1
17
50
100
30
38
93
29
37
8
71
12
19
11
53
55
86
53
63
30
94
69
47
0
79
22
92
94
24
69
81
52
50
70
43
66
52
3
92
44
34
76
16
49
41
22
84
52
8
2
99
